FileVersion:               3
ProjectType:             FMR
NrOfSlices:               30
Slice1CenterX:      2.460000
Slice1CenterY:     -25.049999
Slice1CenterZ:     -21.330000
SliceNCenterX:       3.660000
SliceNCenterY:     -14.750000
SliceNCenterZ:      79.639999
RowDirX:            0.998723
RowDirY:           -0.049111
RowDirZ:           -0.011871
ColDirX:            0.047648
ColDirY:            0.993636
ColDirZ:           -0.102064
MatrixRows:               80
MatrixCols:               80
FoVRows:                 240
FoVCols:                 240
SliceThickness:     3.000000
GapThickness:       0.500000
CoordinateSystem:          1
